-6.965790173046559897e-02 1.696047687817862082e-01 -3.099712950491192665e+00
-2.526390935609011956e-01 3.307062487015823005e-02 -3.078016430675320603e+00
4.316451060058121292e-02 -1.940259265164381575e-01 3.135655079690382152e+00
8.499745661912970485e-02 1.991660272966329082e-01 -3.077358906725028653e+00
-6.876266643965261993e-01 2.107855989643153682e-01 -2.912114743172368847e+00
-8.462973152317843084e-01 5.080340282131924623e-02 -2.878159411445945892e+00
1.306761591351779661e-01 2.970896407918125481e-01 -3.113906818821547517e+00
-8.641047514866102564e-01 -2.451896710055945783e-01 2.688979470545096007e+00
-4.922792740776536502e-01 -4.183508451005340523e-01 2.348974367213572556e+00
-7.193582948501853203e-02 -3.428773947383242579e-03 -3.129391893346067821e+00
-2.565145305147294441e-01 -5.137409462744106925e-01 -2.942057599175553317e+00
4.259880247536290687e-01 -4.107443882014012448e-01 3.063728781740831852e+00
1.452047618392754702e-01 -6.284543982205212931e-01 3.050385383136210216e+00
7.308521633887746227e-02 -1.306560162388556434e-01 3.036070228287630623e+00
1.982844385000040177e-01 -2.321882374899573165e-01 2.551767515842832346e+00
2.004411967740144795e-01 -2.858488997165866685e-01 1.684990457610517023e+00
2.747749249463925514e-01 -1.568229390494335629e-01 9.871958698769648377e-01
-1.689603084220139273e-01 -7.282545223159087033e-01 6.308544565309514018e-01
6.304643082362620943e-01 6.893696581030646364e-02 1.317378235096187344e+00
1.028218096513086710e+00 7.992270092724046426e-01 1.559299499897214059e+00
5.572497145546539965e-01 4.458609895035657578e-02 1.477675007319721567e+00
-9.592254133716338060e-02 -7.518711643885058749e-01 1.172927390759951338e+00
-8.613516940855869830e-02 -7.271994154334895932e-02 2.302679929851282115e+00
-1.695986210943812092e-02 -2.634886827195667691e-01 -2.824306701477260706e+00
-4.344024654881871728e-01 7.704503044560925828e-02 -2.403151717233874329e+00
-4.730663891708409285e-01 -5.622232885775980682e-01 -2.708153079767519511e+00
-4.199427515201722971e-01 -5.952401932866925316e-01 -2.964149125746412761e+00
4.440935479345294312e-01 3.499021162415936193e-01 3.069507838653390497e+00
4.632628333601976900e-01 -3.120794767509526002e-01 2.963080279837380093e+00
-1.119225821430323148e-01 -5.453470741598924754e-01 3.080778260975447047e+00
3.663709617335687146e-02 -1.267538898660607039e-01 3.126421841313504757e+00
1.621471457608547606e-01 5.263025672433371271e-01 2.720096361564251719e+00
7.667337457430559722e-01 3.966000953206058055e-01 2.742785844220470892e+00
-7.201845902734342886e-01 -2.384506886405058645e-01 -2.547580502211124642e+00
-1.567567084935034827e-01 -2.414288017464220337e-01 2.938748357736877370e+00
-6.187158780928908586e-01 -3.515953840873586866e-01 2.473945321660735441e+00
-1.387170100790826865e-01 1.995700359245702049e-01 -3.117423787010116687e+00
2.031322462456911226e-01 1.571878385499174413e-01 -1.501898930846430558e+00
1.852654585188534542e-01 4.914711511293284318e-01 -8.252734979029114903e-01
6.765667558509790291e-01 -5.399071528833274680e-01 -1.489795104926797897e+00
1.426272924693627597e-01 -7.335645441277328649e-01 -2.164462285642378081e+00
-2.147607214734141012e-01 -6.382176872342691931e-01 -2.968170358504874873e+00
3.638336672213204337e-01 -4.131958886841936018e-01 2.201770354935292051e+00
2.966276907328924128e-01 -4.136534445586188546e-01 2.100593942021544702e+00
-2.960852772157184232e-01 2.234567257723509004e-01 -3.020224555699253077e+00
-9.588752450460571453e-01 1.837068595088787726e-01 -2.828336425329090353e+00
-5.737746951348695612e-01 -3.291784850767393023e-01 2.707642359590243686e+00
-5.376673232125650514e-01 -1.117477084412192428e-01 2.605447767214003285e+00
-1.100088971886687833e-01 -2.377285445849994794e-01 -3.100572581812126138e+00
-2.418445020044812377e-01 -1.183459123527481838e+00 -2.665993084835281302e+00
-2.157739261008694287e-01 -1.265062718830487487e+00 -2.676571453257527544e+00
