-5.674274344415748683e-02 1.368489925627941750e-01 -3.099412007148850901e+00
-2.469595564155880052e-01 2.121153523421158774e-02 -3.081765866856158276e+00
5.373456780139057587e-02 -2.551666216801845577e-01 3.129785998190340646e+00
1.157072058908492074e-01 1.436067861102253984e-01 -3.080469078859807919e+00
-6.976884815686499319e-01 2.031609755432608189e-01 -2.912859938750750999e+00
-8.443191606820842354e-01 3.917210633014660270e-02 -2.884378190682874266e+00
5.075746947444248480e-02 2.045037402467835830e-01 -3.120934981972088185e+00
-8.673780392623657853e-01 -2.386071154374610481e-01 2.694586052535151932e+00
-5.049089878290106137e-01 -4.139205215543634298e-01 2.349138398235926850e+00
-3.727103653534599714e-02 -7.146910686252476094e-03 -3.138793573271704940e+00
-2.429684577093763620e-01 -5.340885235363752592e-01 -2.943238393137703746e+00
4.163207261337225629e-01 -3.788932123850868861e-01 3.073290633835132013e+00
1.436215559463074887e-01 -6.171502095105829699e-01 3.053748253149668912e+00
4.458557125464297083e-02 -1.790664125938397633e-01 3.041540538005641725e+00
1.870186498891446836e-01 -2.105852844483212805e-01 2.557978225516955639e+00
1.922209200047899913e-01 -2.850337879935430085e-01 1.697165578984221268e+00
2.664600142907351810e-01 -1.619018866457480055e-01 9.920680187495033442e-01
-1.721739896885390586e-01 -7.268236615872277762e-01 6.350495472916845019e-01
5.737100069847116401e-01 4.827842611520923033e-03 1.298706212316192543e+00
1.016531690349985695e+00 7.951884814325695938e-01 1.555716241751570639e+00
5.643162611444204613e-01 6.924448377444228364e-02 1.480155410742365119e+00
-1.025139084094771336e-01 -7.474002911136513605e-01 1.178033758299172673e+00
-9.210967995896970906e-02 -6.312699557587841959e-02 2.299618141214505140e+00
-1.329769002935880275e-02 -2.834130415462153829e-01 -2.826286549957495176e+00
-4.284065474059600698e-01 6.785736276086128116e-02 -2.407185937723360425e+00
-4.629589163940970864e-01 -5.734260872887695371e-01 -2.709410521955364359e+00
-4.117929132701200756e-01 -6.108455603799172184e-01 -2.963424764379102516e+00
4.407030981348059040e-01 3.647658650737863328e-01 3.067687949457598595e+00
4.489635865898053968e-01 -3.004584938734973232e-01 2.964966373093367746e+00
-1.184575976144015275e-01 -5.221153766058351797e-01 3.080413640052520829e+00
2.641635956745974276e-02 -1.435258979254187273e-01 3.124383109515064483e+00
1.509794776917097459e-01 5.373790830642152239e-01 2.716629077443709850e+00
7.555532491262632044e-01 4.065077174704877505e-01 2.740437217437709183e+00
-7.149497920061358425e-01 -2.519266631225129949e-01 -2.551548962271946941e+00
-1.056322604182493435e-01 -2.434308460210081182e-01 2.950774888106415084e+00
-6.343232025276589470e-01 -3.464867039599669463e-01 2.474439329448980818e+00
-1.315226287973964847e-01 1.974196262274243441e-01 -3.119177758160267544e+00
2.006713159198471874e-01 1.450967167350392939e-01 -1.508107761838860528e+00
1.825294309790383707e-01 4.828339544297900465e-01 -8.292082515160943412e-01
6.792199427981959747e-01 -5.456282722716651046e-01 -1.487360935112594484e+00
1.458257576016386281e-01 -7.445364389749630218e-01 -2.164303880812212810e+00
-2.077575615786462770e-01 -6.558217047035994618e-01 -2.967337420197155406e+00
3.498402240795461804e-01 -4.090993757890073468e-01 2.206865101031338483e+00
2.816283264176543399e-01 -4.148166135635109053e-01 2.062071543500151982e+00
-2.642991024513699494e-01 2.286965723838755016e-01 -3.027805946905890444e+00
-9.476211459674589443e-01 1.727328779208945619e-01 -2.837553561651051659e+00
-5.740401246903380494e-01 -3.201022031479803243e-01 2.715802106992945664e+00
-5.447430231081071828e-01 -1.011345127726828580e-01 2.606018522462599574e+00
-8.389124415029984572e-02 -2.275010690011303460e-01 -3.108275569124149040e+00
-2.315383481042511682e-01 -1.185192666704755649e+00 -2.664573844397613023e+00
-2.122626118541355300e-01 -1.274890843831701037e+00 -2.676445033128777684e+00
