3.529223935743301066e+00 5.275278873996818163e+00 2.529842812338602798e+01
-1.117615469647941451e+00 2.165142141881290172e+00 2.474334617198268660e+01
4.210980376669652081e+00 7.746410148613653845e-01 2.478026321905064933e+01
7.023032752714573945e+00 3.530827236667929636e+00 2.396719777027083964e+01
3.725286670494295294e+00 6.596643415935296240e+00 2.154644551041941725e+01
2.213077876748433148e+00 2.838423607858535647e+00 1.838640488882299806e+01
2.032346663850975954e+00 1.531906275416556662e+00 2.984279273730824400e+01
-2.120716715186379719e+00 4.546877404093719460e-02 3.104375040595578383e+01
5.600695513821516425e-01 -1.102947841591184197e+00 3.057113198161562195e+01
4.587918458904199248e+00 -3.725779349320335609e-01 2.495946693853320042e+01
2.285997686494393166e-01 -1.506944955907780770e-01 2.260993910778964988e+01
-2.016110099115498766e+00 3.357567156287426524e+00 2.444021874967748076e+01
5.988722203693299662e+00 5.977898188944692492e+00 2.601455348128602552e+01
7.644394283153558511e+00 1.096885277549076942e+00 2.437873938586374223e+01
5.832794969752894687e+00 4.705688896033006358e-02 2.388158111372604964e+01
3.300427229101191795e+00 -3.098123714907600856e+00 2.379574232725760652e+01
-2.754115436115369686e+00 -4.233366045122802568e+00 2.338633727523578543e+01
-3.874822250346733110e+00 -4.241845444705055534e+00 2.669589507405527939e+01
3.172746482524650524e+00 -1.163583817128944098e+00 2.527201207704812091e+01
7.692635078768224055e+00 -1.523228176079188811e+00 2.421759810808244140e+01
5.657874989357285500e+00 -2.078255307150624454e+00 2.656750990203502027e+01
3.563497005954504360e+00 -3.308012175338491456e+00 3.044785553438013181e+01
6.945184606515478087e+00 2.709225556531281498e+00 3.144582244358290524e+01
-1.890362827226864217e+00 8.222528481998919503e+00 2.878115177604587771e+01
-7.921780910258190422e-01 8.210816296760201638e+00 2.979797856562836600e+01
4.409239966810083899e+00 1.308234794601733642e+00 2.461887500422536590e+01
4.081090373099589996e+00 -2.417026836172977422e+00 2.445435770098663752e+01
-2.129236251303379124e+00 -1.933017644113784295e+00 2.554763306948035506e+01
-1.205432073206805343e+00 5.660268399552338181e+00 2.730685007224405325e+01
1.055014861159907724e+01 5.894318954192787174e+00 2.925968428171382385e+01
9.327037940902521029e+00 8.548282829480609024e-01 2.542139694739094224e+01
9.599137233344437803e+00 -3.167300189539424160e+00 2.434948114756970838e+01
1.261934589713311627e+00 -1.844139378015666741e+00 2.449032050146811557e+01
-3.589310660097288608e+00 -2.009559606581438063e-01 2.655662732418432981e+01
3.977213317849148666e+00 -1.118880470678556449e+00 2.971949349708084043e+01
3.243309921058779466e+00 3.413815737884895007e+00 3.312987051065972821e+01
6.327651732673065688e+00 2.669834078072661043e+00 2.926004740273077331e+01
-2.856312495434893961e+00 3.535774646299335799e+00 2.956849110992979490e+01
-7.742208680313854785e+00 5.690169657184814156e+00 3.288062374740601257e+01
2.918468409763329774e+00 9.080846353130723969e+00 2.642131236621772672e+01
5.854457181161749624e+00 6.214010836347925171e+00 2.335139258958995967e+01
4.619254180037756896e+00 -1.419360029713076621e+00 2.416644143615813789e+01
6.187352098846378823e+00 -7.452931288747047245e-02 2.652064918913511349e+01
5.147772898110154038e+00 2.361028010961736534e+00 2.728358949988482962e+01
9.991311598717564024e+00 5.804267169392575809e+00 2.725364155763736562e+01
7.184347587701485516e+00 5.342441226227997220e+00 2.559888217936645205e+01
-9.997800001383915225e-01 2.055434759986108695e+00 3.135100067554038716e+01
1.102916785779482600e+00 -2.908766075631148418e+00 2.959354983688703200e+01
7.316154437535381305e+00 1.759108513173758714e+00 2.651696851017705114e+01
8.119908297575774370e+00 4.048109213403464857e+00 2.589348306059176608e+01
5.027802223560275507e+00 7.204923080209897357e+00 2.768509632203970838e+01
