1.683726603195974558e+00 5.509834801884896827e+00 2.549717171150855677e+01
-2.842958097343781354e+00 2.246795939340982873e+00 2.481033915334701589e+01
2.778267119016090803e+00 9.394681709882316545e-01 2.481168809773949135e+01
5.254915541099760112e+00 3.730142677044879562e+00 2.393386721352885615e+01
1.920505511180963687e+00 6.751096867813199509e+00 2.156313145583963475e+01
4.760054376682735788e-01 2.924631969958391142e+00 1.840655465070003416e+01
5.001729476576777245e-01 1.728828524980214887e+00 2.960881653673433433e+01
-3.924064732517098975e+00 3.126781310979006578e-01 3.117968468138313654e+01
-1.238418050380559965e+00 -8.614051015424463165e-01 3.072428494657660991e+01
2.887365689011403891e+00 -1.412902365583029729e-01 2.523348191450424949e+01
-1.341292792484013230e+00 2.983593822395040271e-02 2.266368808540095259e+01
-3.838511235134372424e+00 3.502272649629828649e+00 2.452133213329111072e+01
4.078325047195479058e+00 6.162210821385741610e+00 2.601086512507364290e+01
5.904341913857606094e+00 1.442877355001052520e+00 2.464226374018499044e+01
4.153286129973962737e+00 2.110175163294876199e-01 2.398876983709691757e+01
1.618400867760688033e+00 -2.866136073491337477e+00 2.392319472642937939e+01
-4.449876958587402953e+00 -4.041339250428007901e+00 2.350970691953109437e+01
-5.610607085196492427e+00 -4.005006972972148027e+00 2.676298880316173268e+01
1.310762912897287302e+00 -1.076019166524978754e+00 2.567677754729883688e+01
5.950765664041761660e+00 -1.335769396939613385e+00 2.438018462223428173e+01
3.972474285295443330e+00 -1.837041891892907453e+00 2.670485976818786611e+01
1.766149888233528698e+00 -3.060811110243452760e+00 3.066617661939888961e+01
5.136111460711202170e+00 2.927783914296739454e+00 3.156333213788237657e+01
-3.646103460958043385e+00 8.455901735599699265e+00 2.881017528503566894e+01
-2.592811408507562199e+00 8.439969609977858056e+00 2.985174261007702867e+01
2.652547845830380613e+00 1.565303475574390424e+00 2.479818081203482549e+01
2.313360776079024461e+00 -2.200501028030533490e+00 2.461341539448368110e+01
-3.855678526731906697e+00 -1.698048705641558076e+00 2.562827951052180353e+01
-2.970862824659749268e+00 5.838700555673094428e+00 2.742590059987984574e+01
8.825112613973789877e+00 6.084806321990817501e+00 2.943155991690890616e+01
7.596998940936225075e+00 1.129316012093376953e+00 2.560356119244421791e+01
7.856637841713702386e+00 -2.967379005008579984e+00 2.453697217691314236e+01
-4.376112588021989769e-01 -1.633966994658653471e+00 2.460021223435810711e+01
-5.402607199074130229e+00 2.777181058508158135e-02 2.669016181532086662e+01
2.170820317341522365e+00 -7.982409598728011924e-01 2.964915281424807247e+01
1.443768893747031878e+00 3.645457825716260203e+00 3.321125699270484688e+01
4.537575484267552639e+00 2.895271171686871536e+00 2.938822445786524540e+01
-4.623323179564613916e+00 3.778957444458793002e+00 2.960352705666814899e+01
-9.501812283775992185e+00 5.944217689164666751e+00 3.287985541859762151e+01
1.132113964867394573e+00 9.391051696326858433e+00 2.658924032739182053e+01
4.134784542829425646e+00 6.405414961264475515e+00 2.342309885662674418e+01
2.876679385383135390e+00 -1.220848291059407620e+00 2.428951125718228710e+01
4.447236164554129623e+00 1.264760449127081965e-01 2.666834091450617095e+01
3.298774009632103876e+00 2.373127761092021615e+00 2.742533607634494786e+01
8.134706230724795262e+00 6.036728467380512164e+00 2.742660502980034209e+01
5.471773020772960905e+00 5.538219976281256507e+00 2.572065036747733302e+01
-2.767748413592272527e+00 2.327605856629433312e+00 3.143778721715773727e+01
-6.905859146962051165e-01 -2.651203259652487265e+00 2.974837927092399781e+01
5.520173182786144217e+00 1.969935063823637478e+00 2.677667305359438998e+01
6.363743310146762866e+00 4.277907297275406862e+00 2.603423583598304347e+01
3.274788326595897914e+00 7.405321480214953844e+00 2.778873719295971867e+01
